-3 -901 0.000007 0 0 0
-3 -901 0.000007 6 0 0
-2 -904 0.000007 0 0 3 2 1 1 1
-2 -904 0.000007 6 0 3 2 1 1 1
-3 -901 0.000008 3 0 0
-3 -901 0.000008 4 0 0
-3 -901 0.000008 5 0 0
-3 -901 0.000008 7 0 0
-2 -904 0.000008 3 0 3 2 1 1 1
-2 -904 0.000008 4 0 3 2 1 1 1
-2 -904 0.000008 5 0 3 2 1 1 1
-2 -904 0.000008 7 0 3 2 1 1 1
-3 -901 0.000009 2 0 0
-2 -904 0.000009 2 0 3 2 1 1 1
-3 -901 0.000010 1 0 0
-2 -904 0.000010 1 0 3 2 1 1 1
-3 1 0.000057 0 0 0 2
-3 1 0.000057 3 0 0 2
-3 1 0.000057 5 0 0 2
-3 1 0.000064 7 0 0 2
-3 1 0.000067 2 0 0 2
-3 -27 0.000068 0 0 3 2 400 100 7
-3 -27 0.000068 5 0 3 2 400 100 7
-3 -27 0.000072 3 0 3 2 400 100 7
-3 -27 0.000078 7 0 3 2 400 100 7
-3 -27 0.000080 2 0 3 2 400 100 7
-4 -27 0.000086 0 0 1 2 1
-4 -27 0.000088 5 0 1 2 1
-4 -27 0.000091 7 0 1 2 1
-4 -27 0.000096 3 0 1 2 1
-3 -27 0.000098 0 0 3 2 400 100 6
-3 -27 0.000100 5 0 3 2 400 100 6
-4 -27 0.000101 0 0 1 2 2
-3 -27 0.000102 7 0 3 2 400 100 6
-3 -27 0.000104 0 0 3 2 400 100 1
-3 -27 0.000107 3 0 3 2 400 100 6
-4 -27 0.000108 0 0 1 2 3
-3 -27 0.000110 0 0 3 2 400 100 3
-4 -27 0.000114 0 0 1 2 4
-3 -27 0.000116 0 0 3 2 400 100 1
-4 -27 0.000117 7 0 1 2 2
-4 -27 0.000118 0 0 1 2 5
-3 -27 0.000119 7 0 3 2 400 100 1
-3 -27 0.000120 0 0 3 2 400 100 7
-4 -27 0.000122 0 0 1 2 6
-3 -27 0.000124 0 0 3 2 400 100 2
-4 -27 0.000127 0 0 1 2 7
-3 -27 0.000129 0 0 3 2 400 100 4
-4 -27 0.000132 0 0 1 2 8
-3 -27 0.000134 0 0 3 2 400 100 1
-3 1 0.000135 6 0 0 2
-3 1 0.000140 4 0 0 2
-3 -27 0.000148 6 0 3 2 400 100 7
-3 -27 0.000154 4 0 3 2 400 100 7
-4 -27 0.000169 6 0 1 2 1
-3 -27 0.000241 6 0 3 2 400 100 6
-4 -27 0.000246 6 0 1 2 2
-3 -27 0.000304 6 0 3 2 400 100 1
-3 1 0.000317 1 0 0 2
-3 -27 0.000329 1 0 3 2 400 100 7
-4 -27 0.000420 0 0 1 2 9
-3 -27 0.000426 0 0 3 2 400 100 5
-4 -27 0.000430 0 0 1 2 10
-4 1 0.000434 0 0 0 2
-3 2 0.000435 0 0 0 2
-3 -52 0.000435 0 0 2 2 -1 -2
-4 -27 0.001362 7 0 1 2 3
-4 -27 0.001411 3 0 1 2 2
-3 -27 0.001453 7 0 3 2 400 100 3
-4 -27 0.001463 7 0 1 2 4
-4 -27 0.001488 4 0 1 2 1
-4 -27 0.001495 5 0 1 2 2
-3 -27 0.001546 7 0 3 2 400 100 1
-4 -27 0.001548 7 0 1 2 5
-4 -27 0.001567 2 0 1 2 1
-3 -27 0.001588 5 0 3 2 400 100 1
-3 -27 0.001606 4 0 3 2 400 100 6
-4 -27 0.001606 5 0 1 2 3
-3 -27 0.001609 7 0 3 2 400 100 7
-4 -27 0.001612 7 0 1 2 6
-4 -27 0.001619 4 0 1 2 2
-4 -27 0.001625 6 0 1 2 3
-3 -27 0.001661 7 0 3 2 400 100 2
-3 -27 0.001682 5 0 3 2 400 100 3
-3 -27 0.001687 4 0 3 2 400 100 1
-3 -27 0.001705 3 0 3 2 400 100 1
-3 -27 0.001710 6 0 3 2 400 100 3
-4 -27 0.001714 3 0 1 2 3
-3 -27 0.001802 3 0 3 2 400 100 3
-4 -27 0.001808 3 0 1 2 4
-3 -27 0.001836 2 0 3 2 400 100 6
-4 -27 0.001853 2 0 1 2 2
-3 -27 0.001882 3 0 3 2 400 100 1
-4 -27 0.001885 3 0 1 2 5
-3 -27 0.001926 2 0 3 2 400 100 1
-3 -27 0.001961 3 0 3 2 400 100 7
-4 -27 0.001965 3 0 1 2 6
-3 -27 0.002021 3 0 3 2 400 100 2
-4 -27 0.002027 3 0 1 2 7
-3 -27 0.002093 3 0 3 2 400 100 4
-4 -27 0.002255 1 0 1 2 1
-3 -27 0.002382 1 0 3 2 400 100 6
-4 -27 0.002815 4 0 1 2 3
-3 -27 0.002898 4 0 3 2 400 100 3
-4 -27 0.003004 6 0 1 2 4
-4 -27 0.003010 5 0 1 2 4
-4 -27 0.003108 2 0 1 2 3
-3 -27 0.003111 6 0 3 2 400 100 1
-4 -27 0.003115 6 0 1 2 5
-3 -27 0.003131 5 0 3 2 400 100 1
-4 -27 0.003139 5 0 1 2 5
-3 -27 0.003177 6 0 3 2 400 100 7
-4 -27 0.003185 6 0 1 2 6
-3 -27 0.003208 5 0 3 2 400 100 7
-4 -27 0.003214 5 0 1 2 6
-3 -27 0.003237 6 0 3 2 400 100 2
-4 -27 0.003243 6 0 1 2 7
-3 -27 0.003267 5 0 3 2 400 100 2
-4 -27 0.003273 7 0 1 2 7
-3 -27 0.003294 6 0 3 2 400 100 4
-3 -27 0.003373 7 0 3 2 400 100 4
-3 -27 0.003480 2 0 3 2 400 100 3
-4 -27 0.003499 2 0 1 2 4
-3 -27 0.003569 2 0 3 2 400 100 1
-4 -27 0.003571 2 0 1 2 5
-4 -27 0.003614 6 0 1 2 8
-3 -27 0.003634 2 0 3 2 400 100 7
-4 -27 0.003636 2 0 1 2 6
-3 -27 0.003670 6 0 3 2 400 100 1
-4 -27 0.003672 6 0 1 2 9
-4 -27 0.003712 1 0 1 2 2
-3 -27 0.003719 6 0 3 2 400 100 5
-3 -27 0.003754 2 0 3 2 400 100 2
-4 -27 0.003761 2 0 1 2 7
-3 -27 0.003803 1 0 3 2 400 100 1
-4 -27 0.003810 1 0 1 2 3
-3 -27 0.003875 1 0 3 2 400 100 3
-3 -27 0.003882 2 0 3 2 400 100 4
-4 -27 0.003894 1 0 1 2 4
-3 -27 0.003955 1 0 3 2 400 100 1
-4 -27 0.003957 1 0 1 2 5
-3 -27 0.004016 1 0 3 2 400 100 7
-4 -27 0.004018 1 0 1 2 6
-3 -27 0.004082 1 0 3 2 400 100 2
-4 -27 0.004224 4 0 1 2 4
-3 -27 0.004324 4 0 3 2 400 100 1
-4 -27 0.004327 4 0 1 2 5
-4 -27 0.004493 5 0 1 2 7
-4 -27 0.004559 7 0 1 2 8
-3 -27 0.004581 5 0 3 2 400 100 4
-4 -27 0.004589 5 0 1 2 8
-3 -27 0.004640 7 0 3 2 400 100 1
-4 -27 0.004643 7 0 1 2 9
-3 -27 0.004669 5 0 3 2 400 100 1
-3 -27 0.004713 7 0 3 2 400 100 5
-4 -27 0.004744 7 0 1 2 10
-4 1 0.004841 7 0 0 2
-3 2 0.004843 7 0 0 2
-3 -51 0.004844 7 0 2 2 -1 -2
-4 -51 0.004873 7 0 3 2 400 100 7
-3 -22 0.004924 7 0 3 2 400 200 7
-4 -27 0.004951 5 0 1 2 9
-4 -27 0.004951 6 0 1 2 10
-4 -22 0.004965 7 0 0
-3 -51 0.004967 7 0 2 2 -1 -2
-4 -51 0.004969 7 0 3 2 400 100 7
-3 -27 0.005008 5 0 3 2 400 100 5
-4 -27 0.005017 5 0 1 2 10
-3 -22 0.005019 7 0 3 2 400 200 7
-4 -22 0.005039 7 0 0
-3 -51 0.005040 7 0 2 2 -1 -2
-4 -51 0.005041 7 0 3 2 400 200 7
-3 -51 0.005091 7 0 2 2 -1 -2
-4 -51 0.005093 7 0 3 2 400 200 7
-4 1 0.005098 6 0 0 2
-3 2 0.005100 6 0 0 2
-3 -51 0.005101 6 0 2 2 -1 -2
-4 1 0.005132 5 0 0 2
-3 2 0.005135 5 0 0 2
-3 -51 0.005136 5 0 2 2 -1 -2
-3 -51 0.005141 7 0 2 2 -1 -2
-4 -51 0.005143 6 0 3 2 400 100 6
-4 -51 0.005155 7 0 3 2 400 100 0
-4 -51 0.005168 5 0 3 2 400 100 5
-3 -22 0.005203 7 0 3 2 400 200 0
-3 -22 0.005205 6 0 3 2 400 200 6
-4 -22 0.005214 7 0 0
-3 -51 0.005214 7 0 2 2 -1 -2
-4 -51 0.005218 7 0 3 2 400 100 0
-4 -52 0.005225 0 0 3 2 400 200 7
-3 -22 0.005231 5 0 3 2 400 200 5
-3 -52 0.005231 0 0 2 2 -1 -2
-4 -22 0.005247 6 0 0
-3 -51 0.005248 6 0 2 2 -1 -2
-4 -51 0.005250 6 0 3 2 400 200 6
-3 -22 0.005266 7 0 3 2 400 200 0
-4 -22 0.005270 5 0 0
-3 -51 0.005271 5 0 2 2 -1 -2
-4 -22 0.005273 7 0 0
-4 -51 0.005273 5 0 3 2 400 200 5
-3 -51 0.005274 7 0 2 2 -1 -2
-4 -51 0.005278 7 0 3 2 400 100 3
-4 -52 0.005280 0 0 3 2 400 200 7
-3 -52 0.005284 0 0 2 2 -1 -2
-3 -51 0.005310 6 0 2 2 -1 -2
-3 -22 0.005327 7 0 3 2 400 200 3
-4 -51 0.005333 6 0 3 2 400 100 0
-4 -22 0.005334 7 0 0
-3 -51 0.005334 5 0 2 2 -1 -2
-3 -51 0.005334 7 0 2 2 -1 -2
-4 -51 0.005338 7 0 3 2 400 100 3
-4 -51 0.005354 5 0 3 2 400 100 0
-3 -22 0.005387 7 0 3 2 400 200 3
-3 -22 0.005394 6 0 3 2 400 200 0
-4 -22 0.005394 7 0 0
-3 -51 0.005394 7 0 2 2 -1 -2
-4 -51 0.005398 7 0 3 2 400 100 5
-3 -22 0.005412 5 0 3 2 400 200 0
-4 -22 0.005412 6 0 0
-3 -51 0.005412 6 0 2 2 -1 -2
-4 -51 0.005417 6 0 3 2 400 100 2
-4 -52 0.005419 0 0 3 2 400 200 6
-3 -52 0.005423 0 0 2 2 -1 -2
-4 -22 0.005432 5 0 0
-3 -51 0.005433 5 0 2 2 -1 -2
-4 -51 0.005438 5 0 3 2 400 100 7
-4 -52 0.005438 0 0 3 2 400 200 5
-3 -52 0.005440 0 0 2 2 -1 -2
-3 -22 0.005470 6 0 3 2 400 200 2
-3 -22 0.005490 5 0 3 2 400 200 7
-4 -22 0.005495 6 0 0
-3 -51 0.005496 6 0 2 2 -1 -2
-4 -22 0.005500 5 0 0
-4 -51 0.005500 6 0 3 2 400 100 4
-3 -52 0.005500 5 0 2 2 -1 -2
-3 -22 0.005550 6 0 3 2 400 200 4
-4 -22 0.005557 6 0 0
-3 -51 0.005558 6 0 2 2 -1 -2
-4 -51 0.005562 6 0 3 2 400 100 7
-3 -22 0.005617 6 0 3 2 400 200 7
-4 -22 0.005625 6 0 0
-3 -52 0.005625 6 0 2 2 -1 -2
-4 -27 0.005856 1 0 1 2 7
-3 -27 0.005978 1 0 3 2 400 100 4
-4 -27 0.006351 2 0 1 2 8
-3 -27 0.006456 2 0 3 2 400 100 1
-4 -27 0.006477 2 0 1 2 9
-3 -27 0.006554 2 0 3 2 400 100 5
-4 -27 0.007146 1 0 1 2 8
-3 -27 0.007237 1 0 3 2 400 100 1
-4 -27 0.007240 1 0 1 2 9
-3 -27 0.007334 1 0 3 2 400 100 5
-4 -27 0.007342 1 0 1 2 10
-4 1 0.007474 1 0 0 2
-3 2 0.007476 1 0 0 2
-3 -51 0.007476 1 0 2 2 -1 -2
-4 -51 0.007504 1 0 3 2 400 100 1
-3 -22 0.007575 1 0 3 2 400 200 1
-4 -22 0.007613 1 0 0
-3 -51 0.007614 1 0 2 2 -1 -2
-4 -51 0.007616 1 0 3 2 400 100 1
-3 -22 0.007679 1 0 3 2 400 200 1
-4 -22 0.007704 1 0 0
-3 -51 0.007704 1 0 2 2 -1 -2
-4 -51 0.007707 1 0 3 2 400 100 1
-3 -22 0.007767 1 0 3 2 400 200 1
-4 -22 0.007771 1 0 0
-3 -51 0.007773 1 0 2 2 -1 -2
-4 -51 0.007775 1 0 3 2 400 200 1
-3 -51 0.007865 1 0 2 2 -1 -2
-4 -51 0.007868 1 0 3 2 400 200 1
-3 -51 0.007937 1 0 2 2 -1 -2
-4 -51 0.007940 1 0 3 2 400 200 1
-3 -51 0.007999 1 0 2 2 -1 -2
-4 -51 0.008025 1 0 3 2 400 100 0
-3 -22 0.008093 1 0 3 2 400 200 0
-4 -22 0.008105 1 0 0
-3 -51 0.008106 1 0 2 2 -1 -2
-4 -51 0.008109 1 0 3 2 400 100 0
-4 -52 0.008110 0 0 3 2 400 200 1
-3 -52 0.008115 0 0 2 2 -1 -2
-3 -22 0.008172 1 0 3 2 400 200 0
-4 -22 0.008179 1 0 0
-3 -51 0.008180 1 0 2 2 -1 -2
-4 -51 0.008183 1 0 3 2 400 100 0
-4 -52 0.008184 0 0 3 2 400 200 1
-3 -52 0.008187 0 0 2 2 -1 -2
-3 -22 0.008251 1 0 3 2 400 200 0
-4 -22 0.008258 1 0 0
-3 -51 0.008259 1 0 2 2 -1 -2
-4 -51 0.008263 1 0 3 2 400 100 3
-4 -52 0.008263 0 0 3 2 400 200 1
-3 -52 0.008266 0 0 2 2 -1 -2
-3 -22 0.008332 1 0 3 2 400 200 3
-4 -22 0.008340 1 0 0
-3 -51 0.008340 1 0 2 2 -1 -2
-4 -51 0.008343 1 0 3 2 400 100 3
-3 -22 0.008412 1 0 3 2 400 200 3
-4 -22 0.008419 1 0 0
-3 -51 0.008419 1 0 2 2 -1 -2
-4 -51 0.008423 1 0 3 2 400 100 5
-3 -22 0.008483 1 0 3 2 400 200 5
-4 -22 0.008489 1 0 0
-3 -51 0.008490 1 0 2 2 -1 -2
-4 -51 0.008506 1 0 3 2 400 100 5
-3 -22 0.008563 1 0 3 2 400 200 5
-4 -22 0.008578 1 0 0
-3 -51 0.008579 1 0 2 2 -1 -2
-4 -51 0.008582 1 0 3 2 400 100 5
-3 -22 0.008641 1 0 3 2 400 200 5
-4 -22 0.008647 1 0 0
-3 -52 0.008648 1 0 2 2 -1 -2
-4 -27 0.029504 3 0 1 2 8
-3 -27 0.029512 3 0 3 2 400 100 1
-4 -27 0.029521 3 0 1 2 9
-3 -27 0.029524 3 0 3 2 400 100 5
-4 -52 0.029531 1 0 3 2 400 100 3
-3 -22 0.029657 1 0 3 2 400 200 3
-4 -22 0.029665 1 0 0
-3 -52 0.029666 1 0 2 2 -1 -2
-3 -27 0.030051 4 0 3 2 400 100 7
-4 -27 0.030062 4 0 1 2 6
-3 -27 0.030082 4 0 3 2 400 100 2
-4 -27 0.030653 3 0 1 2 10
-4 1 0.030819 3 0 0 2
-3 2 0.030833 3 0 0 2
-3 -51 0.030833 3 0 2 2 -1 -2
-4 -51 0.030864 3 0 3 2 400 100 3
-3 -22 0.030936 3 0 3 2 400 200 3
-4 -22 0.031003 3 0 0
-3 -51 0.031003 3 0 2 2 -1 -2
-4 -51 0.031006 3 0 3 2 400 200 3
-3 -51 0.031065 3 0 2 2 -1 -2
-4 -51 0.031085 3 0 3 2 400 100 0
-3 -22 0.031183 7 0 3 2 400 200 5
-3 -22 0.031209 3 0 3 2 400 200 0
-4 -22 0.031236 3 0 0
-3 -51 0.031238 3 0 2 2 -1 -2
-4 -51 0.031243 3 0 3 2 400 100 1
-4 -52 0.031244 0 0 3 2 400 200 3
-4 -22 0.031248 7 0 0
-3 -52 0.031248 0 0 2 2 -1 -2
-3 -51 0.031249 7 0 2 2 -1 -2
-4 -51 0.031254 7 0 3 2 400 100 5
-3 -22 0.031300 3 0 3 2 400 200 1
-4 -22 0.031307 3 0 0
-3 -51 0.031307 3 0 2 2 -1 -2
-4 -51 0.031312 3 0 3 2 400 200 1
-3 -22 0.031322 7 0 3 2 400 200 5
-4 -22 0.031331 7 0 0
-3 -51 0.031331 7 0 2 2 -1 -2
-4 -51 0.031336 7 0 3 2 400 200 5
-4 -52 0.031354 1 0 3 2 400 200 3
-3 -51 0.031398 7 0 2 2 -1 -2
-4 -51 0.031404 7 0 3 2 400 100 6
-3 -51 0.031425 3 0 2 2 -1 -2
-4 -51 0.031430 3 0 3 2 400 200 1
-3 -22 0.031484 7 0 3 2 400 200 6
-4 -22 0.031495 7 0 0
-3 -51 0.031496 7 0 2 2 -1 -2
-3 -52 0.031496 1 0 2 2 -1 -2
-4 -51 0.031500 7 0 3 2 400 100 6
-4 -52 0.031556 6 0 3 2 400 200 7
-3 -22 0.031564 7 0 3 2 400 200 6
-4 -22 0.031572 7 0 0
-3 -51 0.031573 7 0 2 2 -1 -2
-3 -51 0.031575 6 0 2 2 -1 -2
-4 -51 0.031576 7 0 3 2 400 200 6
-4 -51 0.031595 6 0 3 2 400 200 7
-3 -52 0.031598 6 0 2 2 -1 -2
-3 -51 0.031603 3 0 2 2 -1 -2
-4 -51 0.031609 3 0 3 2 400 200 1
-3 -52 0.031655 7 0 2 2 -1 -2
-3 -51 0.031723 3 0 2 2 -1 -2
-4 -51 0.031729 3 0 3 2 400 100 2
-3 -22 0.031841 3 0 3 2 400 200 2
-4 -22 0.031850 3 0 0
-3 -51 0.031851 3 0 2 2 -1 -2
-4 -51 0.031855 3 0 3 2 400 100 7
-3 -22 0.031922 3 0 3 2 400 200 7
-4 -22 0.032432 3 0 0
-3 -51 0.032434 3 0 2 2 -1 -2
-4 -51 0.032439 3 0 3 2 400 200 7
-3 -51 0.032520 3 0 2 2 -1 -2
-4 -51 0.032525 3 0 3 2 400 200 7
-3 -52 0.032592 3 0 2 2 -1 -2
-4 -52 0.032896 5 0 3 2 400 100 1
-3 -22 0.033084 5 0 3 2 400 200 1
-4 -22 0.033112 5 0 0
-3 -51 0.033114 5 0 2 2 -1 -2
-4 -52 0.033123 1 0 3 2 400 200 5
-4 -51 0.033125 5 0 3 2 400 200 1
-3 -52 0.033187 1 0 2 2 -1 -2
-3 -51 0.033194 5 0 2 2 -1 -2
-4 -51 0.033199 5 0 3 2 400 200 1
-3 -51 0.033248 5 0 2 2 -1 -2
-4 -51 0.033253 5 0 3 2 400 200 1
-3 -51 0.033301 5 0 2 2 -1 -2
-4 -51 0.033307 5 0 3 2 400 200 7
-3 -51 0.033355 5 0 2 2 -1 -2
-4 -51 0.033360 5 0 3 2 400 200 7
-3 -52 0.033421 5 0 2 2 -1 -2
-4 -27 0.033629 2 0 1 2 10
-4 1 0.033787 2 0 0 2
-3 2 0.033789 2 0 0 2
-3 -51 0.033790 2 0 2 2 -1 -2
-4 -51 0.033835 2 0 3 2 400 100 2
-3 -22 0.033906 2 0 3 2 400 200 2
-4 -22 0.033965 2 0 0
-3 -51 0.033966 2 0 2 2 -1 -2
-4 -51 0.033969 2 0 3 2 400 200 2
-3 -51 0.034048 2 0 2 2 -1 -2
-4 -51 0.034079 2 0 3 2 400 100 0
-3 -22 0.034140 2 0 3 2 400 200 0
-4 -22 0.034163 2 0 0
-3 -51 0.034163 2 0 2 2 -1 -2
-4 -52 0.034165 0 0 3 2 400 200 2
-4 -51 0.034168 2 0 3 2 400 100 3
-3 -52 0.034169 0 0 2 2 -1 -2
-3 -22 0.034238 2 0 3 2 400 200 3
-4 -22 0.034246 2 0 0
-3 -51 0.034246 2 0 2 2 -1 -2
-4 -51 0.034250 2 0 3 2 400 200 3
-4 -52 0.034254 3 0 3 2 400 200 2
-3 -51 0.034320 2 0 2 2 -1 -2
-4 -51 0.034326 2 0 3 2 400 100 6
-3 -52 0.034333 3 0 2 2 -1 -2
-3 -22 0.034387 2 0 3 2 400 200 6
-4 -22 0.034396 2 0 0
-3 -51 0.034396 2 0 2 2 -1 -2
-4 -52 0.034398 6 0 3 2 400 200 2
-4 -51 0.034400 2 0 3 2 400 200 6
-3 -52 0.034405 6 0 2 2 -1 -2
-3 -52 0.034459 2 0 2 2 -1 -2
-4 -52 0.034463 7 0 3 2 400 200 3
-3 -52 0.034482 7 0 2 2 -1 -2
-4 -27 0.056970 4 0 1 2 7
-3 -27 0.057060 4 0 3 2 400 100 4
-4 -27 0.057402 4 0 1 2 8
-3 -27 0.057461 4 0 3 2 400 100 1
-4 -27 0.057463 4 0 1 2 9
-3 -27 0.057516 4 0 3 2 400 100 5
-4 -27 0.057546 4 0 1 2 10
-4 -52 0.057560 5 0 3 2 400 100 4
-3 -22 0.057620 5 0 3 2 400 200 4
-4 -22 0.057630 5 0 0
-3 -52 0.057630 5 0 2 2 -1 -2
-4 1 0.057698 4 0 0 2
-3 2 0.057701 4 0 0 2
-3 -51 0.057702 4 0 2 2 -1 -2
-4 -51 0.057738 4 0 3 2 400 100 4
-3 -22 0.057789 4 0 3 2 400 200 4
-4 -22 0.057836 4 0 0
-3 -51 0.057837 4 0 2 2 -1 -2
-4 -51 0.057839 4 0 3 2 400 200 4
-3 -51 0.057890 4 0 2 2 -1 -2
-4 -51 0.057912 4 0 3 2 400 100 0
-3 -22 0.057970 4 0 3 2 400 200 0
-4 -22 0.057991 4 0 0
-3 -51 0.057991 4 0 2 2 -1 -2
-4 -51 0.057996 4 0 3 2 400 100 5
-4 -52 0.057997 0 0 3 2 400 200 4
-3 -52 0.058002 0 0 2 2 -1 -2
-3 -22 0.058057 4 0 3 2 400 200 5
-4 -22 0.058065 4 0 0
-3 -51 0.058065 4 0 2 2 -1 -2
-4 -51 0.058069 4 0 3 2 400 200 5
-4 -52 0.058073 5 0 3 2 400 200 4
-3 -51 0.058119 4 0 2 2 -1 -2
-3 -52 0.058124 5 0 2 2 -1 -2
-4 -51 0.058125 4 0 3 2 400 100 6
-3 -22 0.058185 4 0 3 2 400 200 6
-4 -22 0.058194 4 0 0
-3 -51 0.058194 4 0 2 2 -1 -2
-4 -51 0.058198 4 0 3 2 400 200 6
-4 -52 0.058203 6 0 3 2 400 200 4
-3 -52 0.058210 6 0 2 2 -1 -2
-3 -52 0.058264 4 0 2 2 -1 -2
-4 -52 0.085020 3 0 3 2 400 100 6
-4 -52 0.085034 6 0 3 2 400 100 3
-3 -22 0.085041 6 0 3 2 400 200 3
-4 -22 0.085064 6 0 0
-3 -52 0.085066 6 0 2 2 -1 -2
-3 -22 0.085097 3 0 3 2 400 200 6
-4 -22 0.086102 3 0 0
-3 -51 0.086102 3 0 2 2 -1 -2
-4 -51 0.086108 3 0 3 2 400 200 6
-4 -52 0.086108 6 0 3 2 400 200 3
-3 -52 0.086115 6 0 2 2 -1 -2
-3 -52 0.086190 3 0 2 2 -1 -2
-4 -52 0.086677 5 0 3 2 400 100 3
-4 -52 0.086685 3 0 3 2 400 100 5
-3 -22 0.086689 5 0 3 2 400 200 3
-4 -22 0.086699 5 0 0
-3 -52 0.086700 5 0 2 2 -1 -2
-3 -22 0.086778 3 0 3 2 400 200 5
-4 -22 0.086787 3 0 0
-3 -51 0.086787 3 0 2 2 -1 -2
-4 -51 0.086791 3 0 3 2 400 200 5
-4 -52 0.086795 5 0 3 2 400 200 3
-3 -52 0.086802 5 0 2 2 -1 -2
-3 -22 0.086859 3 0 3 2 400 300 0
-4 -22 0.086867 3 0 0
-3 -52 0.086868 3 0 2 2 -1 -2
-4 -52 0.086874 0 0 3 2 400 300 3
-3 -52 0.086878 0 0 2 2 -1 -2
-4 -52 0.087113 5 0 3 2 400 100 6
-3 -22 0.087121 5 0 3 2 400 200 6
-4 -52 0.087124 6 0 3 2 400 100 5
-4 -22 0.087127 5 0 0
-3 -52 0.087128 5 0 2 2 -1 -2
-3 -22 0.087130 6 0 3 2 400 200 5
-4 -22 0.087135 6 0 0
-3 -51 0.087136 6 0 2 2 -1 -2
-4 -51 0.087139 6 0 3 2 400 200 5
-3 -52 0.087142 6 0 2 2 -1 -2
-4 -52 0.087143 5 0 3 2 400 200 6
-3 -22 0.087148 5 0 3 2 400 300 0
-4 -22 0.087154 5 0 0
-3 -52 0.087155 5 0 2 2 -1 -2
-4 -52 0.087160 0 0 3 2 400 300 5
-3 -52 0.087166 0 0 2 2 -1 -2
-4 -52 0.110743 4 0 3 2 400 100 7
-4 -52 0.110760 7 0 3 2 400 100 4
-3 -22 0.110772 7 0 3 2 400 200 4
-4 -22 0.110797 7 0 0
-3 -51 0.110799 7 0 2 2 -1 -2
-4 -51 0.110806 7 0 3 2 400 100 4
-3 -22 0.110811 7 0 3 2 400 200 4
-4 -22 0.110815 7 0 0
-3 -52 0.110816 7 0 2 2 -1 -2
-3 -22 0.110830 4 0 3 2 400 200 7
-4 -22 0.110882 4 0 0
-3 -52 0.110885 4 0 2 2 -1 -2
-4 -52 0.110891 4 0 3 2 400 200 7
-4 -52 0.110891 7 0 3 2 400 200 4
-3 -52 0.110897 7 0 2 2 -1 -2
-3 -51 0.110957 4 0 2 2 -1 -2
-4 -51 0.110964 4 0 3 2 400 200 7
-3 -52 0.111034 4 0 2 2 -1 -2
-4 -52 0.111202 3 0 3 2 400 100 4
-3 -22 0.111222 3 0 3 2 400 200 4
-4 -52 0.111224 4 0 3 2 400 100 3
-4 -22 0.111247 3 0 0
-3 -52 0.111248 3 0 2 2 -1 -2
-3 -22 0.111304 4 0 3 2 400 200 3
-4 -22 0.111345 4 0 0
-3 -51 0.111346 4 0 2 2 -1 -2
-4 -52 0.111351 3 0 3 2 400 200 4
-3 -52 0.111356 3 0 2 2 -1 -2
-4 -51 0.111357 4 0 3 2 400 200 3
-3 -52 0.111423 4 0 2 2 -1 -2
-4 -52 0.111971 2 0 3 2 400 100 7
-4 -52 0.111982 7 0 3 2 400 100 2
-3 -22 0.111988 7 0 3 2 400 200 2
-4 -22 0.111993 7 0 0
-3 -51 0.111994 7 0 2 2 -1 -2
-4 -51 0.111997 7 0 3 2 400 100 2
-3 -22 0.112000 7 0 3 2 400 200 2
-4 -22 0.112004 7 0 0
-3 -52 0.112005 7 0 2 2 -1 -2
-3 -22 0.112075 2 0 3 2 400 200 7
-4 -22 0.112252 2 0 0
-3 -52 0.112253 2 0 2 2 -1 -2
-4 -52 0.112259 2 0 3 2 400 100 5
-4 -52 0.112259 7 0 3 2 400 200 2
-3 -52 0.112266 7 0 2 2 -1 -2
-4 -52 0.112275 5 0 3 2 400 100 2
-3 -22 0.112326 2 0 3 2 400 200 5
-3 -22 0.112342 5 0 3 2 400 200 2
-4 -22 0.112353 5 0 0
-3 -52 0.112354 5 0 2 2 -1 -2
-4 -22 0.112519 2 0 0
-3 -52 0.112520 2 0 2 2 -1 -2
-4 -52 0.112526 2 0 3 2 400 100 4
-4 -52 0.112527 5 0 3 2 400 200 2
-4 -52 0.112537 4 0 3 2 400 100 2
-3 -52 0.112584 5 0 2 2 -1 -2
-3 -22 0.112595 4 0 3 2 400 200 2
-4 -22 0.112602 4 0 0
-3 -52 0.112603 4 0 2 2 -1 -2
-3 -22 0.112677 2 0 3 2 400 200 4
-4 -22 0.112686 2 0 0
-3 -51 0.112686 2 0 2 2 -1 -2
-4 -51 0.112691 2 0 3 2 400 200 4
-4 -52 0.112691 4 0 3 2 400 200 2
-3 -52 0.112746 4 0 2 2 -1 -2
-3 -51 0.112774 2 0 2 2 -1 -2
-4 -51 0.112780 2 0 3 2 400 200 5
-3 -51 0.112870 2 0 2 2 -1 -2
-4 -51 0.112875 2 0 3 2 400 200 7
-3 -51 0.112933 2 0 2 2 -1 -2
-4 -51 0.112941 2 0 3 2 400 200 7
-3 -52 0.112999 2 0 2 2 -1 -2
-4 -52 0.113592 1 0 3 2 400 100 7
-4 -52 0.113601 7 0 3 2 400 100 1
-3 -22 0.113607 7 0 3 2 400 200 1
-4 -22 0.113611 7 0 0
-3 -51 0.113612 7 0 2 2 -1 -2
-4 -51 0.113615 7 0 3 2 400 100 1
-3 -22 0.113617 7 0 3 2 400 200 1
-4 -22 0.113621 7 0 0
-3 -52 0.113621 7 0 2 2 -1 -2
-3 -22 0.113677 1 0 3 2 400 200 7
-4 -22 0.113899 1 0 0
-3 -52 0.113913 1 0 2 2 -1 -2
-4 -52 0.113914 7 0 3 2 400 200 1
-3 -52 0.113920 7 0 2 2 -1 -2
-4 -52 0.113931 1 0 3 2 400 100 4
-4 -52 0.113936 4 0 3 2 400 100 1
-3 -22 0.113989 4 0 3 2 400 200 1
-3 -22 0.113996 1 0 3 2 400 200 4
-4 -22 0.113996 4 0 0
-3 -52 0.113997 4 0 2 2 -1 -2
-4 -22 0.114241 1 0 0
-3 -52 0.114242 1 0 2 2 -1 -2
-4 -52 0.114246 4 0 3 2 400 200 1
-4 -52 0.114248 1 0 3 2 400 100 4
-4 -52 0.114261 6 0 3 2 400 100 1
-3 -52 0.114300 4 0 2 2 -1 -2
-3 -22 0.114328 6 0 3 2 400 200 1
-4 -22 0.114339 6 0 0
-3 -52 0.114340 6 0 2 2 -1 -2
-3 -22 0.114395 1 0 3 2 400 200 4
-4 -22 0.114509 1 0 0
-3 -52 0.114510 1 0 2 2 -1 -2
-4 -52 0.114514 4 0 3 2 400 200 1
-4 -52 0.114515 1 0 3 2 400 100 2
-4 -52 0.114528 2 0 3 2 400 100 1
-3 -22 0.114567 4 0 3 2 400 300 0
-4 -22 0.114574 4 0 0
-3 -52 0.114575 4 0 2 2 -1 -2
-4 -52 0.114582 0 0 3 2 400 300 4
-3 -52 0.114587 0 0 2 2 -1 -2
-3 -22 0.114592 2 0 3 2 400 200 1
-4 -22 0.114598 2 0 0
-3 -52 0.114599 2 0 2 2 -1 -2
-3 -22 0.114662 1 0 3 2 400 200 2
-4 -22 0.114669 1 0 0
-3 -51 0.114669 1 0 2 2 -1 -2
-4 -51 0.114675 1 0 3 2 400 100 2
-4 -52 0.114675 2 0 3 2 400 200 1
-3 -22 0.114744 1 0 3 2 400 200 2
-3 -52 0.114745 2 0 2 2 -1 -2
-4 -22 0.114751 1 0 0
-3 -51 0.114751 1 0 2 2 -1 -2
-4 -51 0.114755 1 0 3 2 400 100 2
-4 -52 0.114757 2 0 3 2 400 200 1
-3 -22 0.114814 1 0 3 2 400 200 2
-3 -22 0.114818 2 0 3 2 400 300 0
-4 -22 0.114822 1 0 0
-3 -51 0.114823 1 0 2 2 -1 -2
-4 -51 0.114824 1 0 3 2 400 200 2
-4 -22 0.114825 2 0 0
-3 -51 0.114826 2 0 2 2 -1 -2
-4 -51 0.114829 2 0 3 2 400 200 1
-4 -52 0.114832 0 0 3 2 400 300 2
-3 -52 0.114836 0 0 2 2 -1 -2
-3 -51 0.114886 1 0 2 2 -1 -2
-3 -52 0.114888 2 0 2 2 -1 -2
-4 -51 0.114891 1 0 3 2 400 100 4
-3 -22 0.114961 1 0 3 2 400 200 4
-4 -22 0.114967 1 0 0
-3 -51 0.114968 1 0 2 2 -1 -2
-4 -51 0.114971 1 0 3 2 400 200 4
-4 -52 0.114972 4 0 3 2 400 200 1
-3 -52 0.115026 4 0 2 2 -1 -2
-3 -51 0.115095 1 0 2 2 -1 -2
-4 -51 0.115100 1 0 3 2 400 100 6
-3 -22 0.115167 1 0 3 2 400 200 6
-4 -22 0.115173 1 0 0
-3 -51 0.115174 1 0 2 2 -1 -2
-4 -51 0.115177 1 0 3 2 400 100 6
-4 -52 0.115180 6 0 3 2 400 200 1
-3 -52 0.115236 6 0 2 2 -1 -2
-3 -22 0.115240 1 0 3 2 400 200 6
-4 -22 0.115246 1 0 0
-3 -51 0.115247 1 0 2 2 -1 -2
-4 -51 0.115250 1 0 3 2 400 100 6
-4 -52 0.115252 6 0 3 2 400 200 1
-3 -22 0.115301 6 0 3 2 400 300 0
-4 -22 0.115308 6 0 0
-3 -52 0.115308 6 0 2 2 -1 -2
-4 -52 0.115315 0 0 3 2 400 300 6
-3 -22 0.115317 1 0 3 2 400 200 6
-3 -52 0.115319 0 0 2 2 -1 -2
-4 -22 0.115323 1 0 0
-3 -51 0.115324 1 0 2 2 -1 -2
-4 -51 0.115328 1 0 3 2 400 200 6
-4 -52 0.115329 6 0 3 2 400 200 1
-3 -52 0.115379 6 0 2 2 -1 -2
-3 -51 0.115389 1 0 2 2 -1 -2
-4 -51 0.115394 1 0 3 2 400 100 7
-3 -22 0.115452 1 0 3 2 400 200 7
-4 -22 0.115458 1 0 0
-3 -51 0.115458 1 0 2 2 -1 -2
-4 -51 0.115462 1 0 3 2 400 100 7
-4 -52 0.115464 7 0 3 2 400 200 1
-3 -22 0.115470 7 0 3 2 400 300 0
-4 -22 0.115476 7 0 0
-3 -52 0.115477 7 0 2 2 -1 -2
-4 -52 0.115482 0 0 3 2 400 300 7
-3 -52 0.115488 0 0 2 2 -1 -2
-3 -22 0.115529 1 0 3 2 400 200 7
-4 -22 0.115535 1 0 0
-3 -51 0.115535 1 0 2 2 -1 -2
-4 -51 0.115539 1 0 3 2 400 200 7
-4 -52 0.115541 7 0 3 2 400 200 1
-3 -52 0.115547 7 0 2 2 -1 -2
-3 -22 0.115661 1 0 3 2 400 300 0
-4 -52 0.115674 0 0 3 2 400 300 1
-4 -22 0.115676 1 0 0
-3 -51 0.115677 1 0 2 2 -1 -2
-4 2 0.115681 0 0 0 2
-4 -51 0.115681 1 0 3 2 400 200 7
-3 2 0.115682 0 0 0 2
-3 -22 0.115682 0 0 3 2 400 400 1
-4 -22 0.115720 0 0 0
-3 -22 0.115722 0 0 3 2 400 400 2
-4 -22 0.115732 0 0 0
-3 -22 0.115733 0 0 3 2 400 400 3
-4 -22 0.115735 0 0 0
-3 -22 0.115736 0 0 3 2 400 400 4
-3 -22 0.115739 0 0 3 2 400 400 5
-4 -22 0.115739 0 0 0
-4 -52 0.115740 2 0 3 2 400 400 0
-4 -52 0.115741 3 0 3 2 400 400 0
-3 -22 0.115742 0 0 3 2 400 400 6
-4 -22 0.115742 0 0 0
-4 -22 0.115744 0 0 0
-3 -22 0.115745 0 0 3 2 400 400 7
-4 -52 0.115745 4 0 3 2 400 400 0
-4 -22 0.115747 0 0 0
-4 3 0.115748 0 0 0 2
-4 2 0.115748 3 0 0 2
-4 -52 0.115750 5 0 3 2 400 400 0
-4 -52 0.115751 6 0 3 2 400 400 0
-4 -52 0.115753 7 0 3 2 400 400 0
-2 -12 0.115757 0 0 0
-101 -1 0.115758 0 0 4 "%d%lf" -22 0.000060 -27 0.000330 -52 0.115170 -901 0.115751 
-102 -1 0.115758 0 0 5 "%d%d" -12 1 -22 7 -27 10 -52 17 -901 1 
-103 -1 0.115758 0 0 2 "%d%d" -22 2800 -27 4000 
-104 -1 0.115758 0 0 1 "%d%d" -52 6800 
-105 -1 0.115758 0 0 1 "%d%d" -901 285 
-4 -901 0.115758 0 0 0
-4 2 0.115763 7 0 0 2
-101 -1 0.115767 3 0 5 "%d%lf" -22 0.001667 -27 0.029905 -51 0.000101 -52 0.081666 -901 0.115760 
-102 -1 0.115767 3 0 6 "%d%d" -12 1 -22 9 -27 10 -51 13 -52 6 -901 1 
-103 -1 0.115767 3 0 2 "%d%d" -22 3600 -27 4000 
-104 -1 0.115767 3 0 2 "%d%d" -51 5200 -52 2400 
-105 -1 0.115767 3 0 1 "%d%d" -901 301 
-2 -12 0.115767 3 0 0
-4 -901 0.115767 3 0 0
-101 -1 0.115783 7 0 5 "%d%lf" -22 0.000239 -27 0.004118 -51 0.000100 -52 0.083942 -901 0.115775 
-102 -1 0.115783 7 0 6 "%d%d" -12 1 -22 17 -27 10 -51 17 -52 10 -901 1 
-103 -1 0.115783 7 0 2 "%d%d" -22 6800 -27 4000 
-104 -1 0.115783 7 0 2 "%d%d" -51 6800 -52 4000 
-105 -1 0.115783 7 0 1 "%d%d" -901 413 
-2 -12 0.115783 7 0 0
-4 -901 0.115783 7 0 0
-3 -51 0.115799 1 0 2 2 -1 -2
-4 -51 0.115804 1 0 3 2 400 400 0
-4 2 0.115847 4 0 0 2
-4 2 0.115852 6 0 0 2
-4 2 0.115853 5 0 0 2
-2 -12 0.115911 6 0 0
-101 -1 0.115912 6 0 5 "%d%lf" -22 0.000146 -27 0.004213 -51 0.000103 -52 0.109772 -901 0.115905 
-102 -1 0.115912 6 0 6 "%d%d" -12 1 -22 9 -27 10 -51 8 -52 11 -901 1 
-103 -1 0.115912 6 0 2 "%d%d" -22 3600 -27 4000 
-104 -1 0.115912 6 0 2 "%d%d" -51 3200 -52 4400 
-105 -1 0.115912 6 0 1 "%d%d" -901 301 
-4 -901 0.115912 6 0 0
-2 -12 0.115918 4 0 0
-101 -1 0.115919 4 0 5 "%d%lf" -22 0.000199 -27 0.031078 -51 0.000097 -52 0.056647 -901 0.115911 
-102 -1 0.115919 4 0 6 "%d%d" -12 1 -22 9 -27 10 -51 9 -52 10 -901 1 
-103 -1 0.115919 4 0 2 "%d%d" -22 3600 -27 4000 
-104 -1 0.115919 4 0 2 "%d%d" -51 3600 -52 4000 
-105 -1 0.115919 4 0 1 "%d%d" -901 301 
-4 -901 0.115919 4 0 0
-2 -12 0.115923 5 0 0
-101 -1 0.115924 5 0 5 "%d%lf" -22 0.000140 -27 0.004300 -51 0.000091 -52 0.109411 -901 0.115916 
-102 -1 0.115924 5 0 6 "%d%d" -12 1 -22 9 -27 10 -51 9 -52 10 -901 1 
-103 -1 0.115924 5 0 2 "%d%d" -22 3600 -27 4000 
-104 -1 0.115924 5 0 2 "%d%d" -51 3600 -52 4000 
-105 -1 0.115924 5 0 1 "%d%d" -901 301 
-4 -901 0.115924 5 0 0
-4 2 0.115937 2 0 0 2
-2 -12 0.116076 2 0 0
-101 -1 0.116077 2 0 5 "%d%lf" -22 0.000492 -27 0.032282 -51 0.000125 -52 0.079993 -901 0.116068 
-102 -1 0.116077 2 0 6 "%d%d" -12 1 -22 9 -27 10 -51 12 -52 7 -901 1 
-103 -1 0.116077 2 0 2 "%d%d" -22 3600 -27 4000 
-104 -1 0.116077 2 0 2 "%d%d" -51 4800 -52 2800 
-105 -1 0.116077 2 0 1 "%d%d" -901 301 
-4 -901 0.116077 2 0 0
-4 2 0.116224 1 0 0 2
-2 -12 0.116296 1 0 0
-101 -1 0.116299 1 0 5 "%d%lf" -22 0.000798 -27 0.006239 -51 0.000158 -52 0.104633 -901 0.116289 
-102 -1 0.116299 1 0 6 "%d%d" -12 1 -22 25 -27 10 -51 28 -52 7 -901 1 
-103 -1 0.116299 1 0 2 "%d%d" -22 10000 -27 4000 
-104 -1 0.116299 1 0 2 "%d%d" -51 11200 -52 2800 
-105 -1 0.116299 1 0 1 "%d%d" -901 525 
-4 -901 0.116299 1 0 0
